Date,AGUASCALIENTES,BAJA CALIFORNIA,BAJA CALIFORNIA SUR,CAMPECHE,CHIAPAS,CHIHUAHUA,DISTRITO FEDERAL,COAHUILA,COLIMA,DURANGO,GUANAJUATO,GUERRERO,HIDALGO,JALISCO,MEXICO,MICHOACAN,MORELOS,NAYARIT,NUEVO LEON,OAXACA,PUEBLA,QUERETARO,QUINTANA ROO,SAN LUIS POTOSI,SINALOA,SONORA,TABASCO,TAMAULIPAS,TLAXCALA,VERACRUZ,YUCATAN,ZACATECAS
2/6/20,0,0,0,0,0,0,0,0,0,0,0,0,0,0,0,0,0,0,0,0,0,0,0,0,0,0,0,0,0,0,0,0
2/7/20,0,0,0,0,0,0,0,0,0,0,0,0,0,0,0,0,0,0,0,0,0,1,0,0,0,0,0,0,0,0,0,0
2/8/20,0,0,0,0,0,0,0,0,0,0,0,0,0,0,0,0,0,0,0,0,0,0,0,0,0,0,0,0,0,0,0,0
2/9/20,0,0,0,0,0,0,0,0,0,0,0,0,0,0,0,0,0,0,0,0,0,0,0,0,0,0,0,0,0,0,0,0
2/10/20,0,0,0,0,0,0,0,0,0,0,0,0,0,0,0,0,0,0,0,0,0,0,0,0,0,0,0,0,0,0,0,0
2/11/20,0,0,0,0,0,0,0,0,0,0,0,0,0,0,0,0,0,0,0,0,0,0,0,0,0,0,0,0,0,0,0,0
2/12/20,0,0,0,0,0,0,0,0,0,0,0,0,0,0,0,0,0,0,0,0,0,0,0,0,0,0,0,0,0,0,0,0
2/13/20,0,0,0,0,0,0,0,0,0,0,0,0,0,0,0,0,0,0,0,0,0,0,0,0,0,0,0,0,0,0,0,0
2/14/20,0,0,0,0,0,0,0,0,0,0,0,0,0,0,0,0,0,0,0,0,0,0,0,0,0,0,0,0,0,0,0,0
2/15/20,0,0,0,0,0,0,0,0,0,0,0,0,0,0,0,0,0,0,0,0,0,0,0,0,0,0,0,0,0,0,0,0
2/16/20,0,0,0,0,0,0,0,0,0,0,0,0,0,0,0,0,0,0,0,0,0,0,0,0,0,0,0,0,0,0,0,0
2/17/20,0,0,0,0,0,0,0,0,0,0,0,0,0,0,0,0,0,0,0,0,0,0,0,0,0,0,0,0,0,0,0,0
2/18/20,0,0,0,0,0,0,0,0,0,0,0,0,0,0,0,0,0,0,0,0,0,0,0,0,0,0,0,0,0,0,0,0
2/19/20,0,0,0,0,0,0,0,0,0,0,0,0,0,0,0,0,0,0,0,0,0,0,0,0,0,0,0,0,0,0,0,0
2/20/20,0,0,0,0,0,0,0,0,0,0,0,0,0,0,0,0,0,0,0,0,0,0,0,0,0,0,0,0,0,0,0,0
2/21/20,0,0,0,0,0,0,0,0,0,0,0,0,0,0,0,0,0,0,0,0,0,0,0,0,0,0,0,0,0,0,0,0
2/22/20,0,0,0,0,0,0,0,0,0,0,0,0,0,0,0,0,0,0,0,0,0,0,0,0,0,0,0,0,0,0,0,0
2/23/20,0,0,0,0,0,0,0,0,0,0,0,0,0,0,0,0,0,0,0,0,0,0,0,0,0,0,0,0,0,0,0,0
2/24/20,0,0,0,0,0,0,0,0,0,0,0,0,0,0,0,0,0,0,0,0,0,0,0,0,0,0,0,0,0,0,0,0
2/25/20,0,0,0,0,0,0,0,0,0,0,0,0,0,0,0,0,0,0,0,0,0,0,0,0,0,0,0,0,0,0,0,0
2/26/20,0,0,0,0,0,0,0,0,0,0,0,0,0,0,0,0,0,0,0,0,0,0,0,0,0,0,0,0,0,0,0,0
2/27/20,0,0,0,0,0,0,0,0,0,0,0,0,0,0,0,0,0,0,0,0,0,0,0,0,0,0,0,0,0,0,0,0
2/28/20,0,0,0,0,0,0,0,0,0,0,0,0,0,0,0,0,0,0,0,0,0,0,0,0,0,0,0,0,0,0,0,0
2/29/20,0,0,0,0,0,0,0,0,0,0,0,0,0,0,0,0,0,0,0,0,0,0,0,0,0,0,0,0,0,0,0,0
3/1/20,0,0,0,0,0,0,0,0,0,0,0,0,0,0,0,0,0,0,0,0,0,0,0,0,0,0,0,0,0,0,0,0
3/2/20,0,0,0,0,0,0,0,0,0,0,0,0,0,0,0,0,0,0,0,0,0,0,0,0,0,0,0,0,0,0,0,0
3/3/20,0,0,0,0,0,0,0,0,0,0,0,0,0,0,0,0,0,0,0,0,0,0,0,0,0,0,0,0,0,0,0,0
3/4/20,0,0,0,0,0,0,0,0,0,0,0,0,0,0,0,0,0,0,0,0,0,0,0,0,0,0,0,0,0,0,0,0
3/5/20,0,0,0,0,0,0,0,0,0,0,0,0,0,0,0,0,0,0,0,0,0,0,0,0,0,0,0,0,0,0,0,0
3/6/20,0,0,0,0,0,0,0,0,0,0,0,0,0,0,0,0,0,0,0,0,0,0,0,0,0,0,0,0,0,0,0,0
3/7/20,0,0,0,0,0,0,0,0,0,0,0,0,0,0,0,0,0,0,0,0,0,0,0,0,0,0,0,0,0,0,0,0
3/8/20,0,0,0,0,0,0,0,0,0,0,0,0,0,0,0,0,0,0,0,0,0,0,0,0,0,0,0,0,0,0,0,0
3/9/20,0,0,0,0,0,0,1,0,0,0,0,0,0,0,0,0,0,0,0,0,0,0,0,0,0,0,0,0,0,0,0,0
3/10/20,0,0,0,0,0,0,0,0,0,0,0,0,0,0,0,0,0,0,0,0,0,0,0,0,0,0,0,0,0,0,0,0
3/11/20,0,0,0,0,0,0,0,0,0,0,0,0,0,0,0,0,0,0,0,0,0,0,0,0,0,0,0,0,0,0,0,0
3/12/20,0,0,0,0,0,0,0,0,0,0,0,0,0,0,0,0,0,0,0,0,0,0,0,0,0,0,0,0,0,0,0,0
3/13/20,0,0,0,0,0,0,0,0,0,0,0,0,0,0,0,0,0,0,0,0,0,0,0,0,0,0,0,0,0,0,0,0
3/14/20,0,0,0,0,0,0,0,0,0,0,0,0,0,0,0,0,0,0,0,0,0,0,0,0,0,0,0,0,0,0,1,0
3/15/20,0,0,0,0,0,0,0,0,0,0,0,0,0,0,0,0,0,0,0,0,0,0,0,0,0,0,0,0,0,0,1,0
3/16/20,0,0,0,0,0,0,0,0,0,0,0,0,0,0,0,0,0,0,0,0,0,0,0,0,0,0,0,0,0,0,0,0
3/17/20,0,0,0,0,0,0,0,0,0,0,0,0,0,0,0,0,0,0,0,0,0,0,0,0,0,0,0,0,0,0,0,0
3/18/20,0,0,0,0,0,0,0,0,0,0,0,0,0,0,0,0,0,0,0,0,0,0,0,0,0,0,0,0,0,0,3,0
3/19/20,0,0,0,0,0,0,0,0,0,0,0,0,0,0,0,0,0,0,0,0,0,1,0,0,0,0,0,0,0,0,0,0
3/20/20,0,0,0,0,0,0,0,0,0,0,0,0,0,0,0,0,0,0,0,0,1,0,0,0,0,0,0,0,0,0,0,0
3/21/20,0,0,0,0,0,0,0,0,0,0,0,0,0,0,0,0,0,0,0,0,0,0,0,0,0,0,0,0,0,0,0,0
3/22/20,0,0,0,0,0,0,0,0,0,0,0,0,0,0,0,0,0,0,0,0,0,0,0,0,0,0,0,0,0,0,0,0
3/23/20,0,0,0,0,0,0,0,0,0,0,0,0,0,0,0,0,0,0,0,0,0,0,0,0,0,0,0,0,0,0,11,0
3/24/20,0,0,0,0,0,0,1,0,0,0,0,0,0,0,0,0,0,0,0,0,0,0,0,0,0,0,0,0,0,0,0,0
3/25/20,0,0,0,0,0,0,1,0,0,0,0,0,0,0,1,0,0,1,0,0,0,0,0,0,0,0,0,0,0,0,1,0
3/26/20,0,0,0,0,0,0,0,0,0,0,0,0,0,0,2,0,0,0,0,0,0,0,0,0,0,0,0,0,0,0,0,0
3/27/20,0,0,0,0,0,0,0,0,0,0,0,0,0,0,0,0,0,0,0,0,1,0,0,0,0,0,0,0,0,0,1,0
3/28/20,0,0,0,0,0,0,0,0,0,0,0,0,0,0,0,0,0,0,0,0,3,0,0,0,0,0,0,0,0,0,0,0
3/29/20,0,0,0,0,0,0,0,0,0,0,0,0,0,0,2,0,0,0,0,0,1,0,0,0,0,0,0,0,0,0,2,0
3/30/20,0,0,0,0,0,0,0,0,0,0,0,0,0,0,0,0,0,0,0,0,5,0,0,0,0,0,1,0,0,0,0,0
3/31/20,0,0,0,0,0,0,2,0,0,0,0,0,0,0,0,0,0,0,0,0,7,0,0,0,0,0,0,0,0,0,1,0
4/1/20,0,0,0,0,0,1,0,0,0,0,0,0,0,0,1,0,0,0,0,0,8,0,1,1,0,0,0,0,0,0,5,0
4/2/20,0,0,0,0,0,0,1,0,0,0,0,0,0,0,0,1,0,0,0,0,7,0,0,0,0,0,0,0,0,0,5,0
4/3/20,0,0,0,0,0,0,0,0,0,0,0,0,0,0,0,0,0,0,0,0,10,0,0,0,0,0,0,0,0,0,3,0
4/4/20,0,0,0,0,0,1,0,0,0,0,0,0,0,0,0,0,0,0,0,0,1,0,0,0,0,0,0,0,0,0,7,0
4/5/20,0,0,0,0,0,0,3,0,0,0,0,0,0,0,2,0,0,0,0,0,0,0,0,0,0,0,0,0,0,0,0,0
4/6/20,0,0,0,0,0,1,1,0,0,0,0,0,0,0,2,0,0,0,0,0,0,0,0,0,0,0,0,0,0,0,4,0
4/7/20,0,1,0,0,0,0,2,0,0,0,0,0,0,0,2,0,0,0,0,0,0,0,0,0,0,4,0,0,0,0,2,0
4/8/20,0,0,0,0,1,0,3,0,0,0,0,0,0,0,4,0,0,0,0,0,0,0,0,1,0,5,0,0,1,1,1,0
4/9/20,0,0,0,0,0,0,3,0,0,0,0,0,0,0,0,0,0,0,0,0,0,0,0,0,0,1,0,0,0,0,1,0
4/10/20,0,2,0,0,0,0,2,0,0,0,0,0,0,0,2,0,1,0,1,0,0,0,0,0,0,2,0,0,0,0,6,0
4/11/20,0,0,0,0,0,4,4,0,0,0,0,0,0,0,1,0,0,0,0,0,1,0,0,0,0,0,0,0,0,0,0,0
4/12/20,0,0,0,0,0,1,5,0,0,0,0,0,0,0,3,0,0,0,0,0,0,0,0,0,0,0,0,0,0,0,0,0
4/13/20,0,0,0,0,0,3,7,0,0,0,0,0,0,0,1,0,0,0,0,0,0,0,0,0,0,2,0,0,0,0,3,0
4/14/20,0,0,0,0,0,1,5,2,0,0,0,0,0,0,4,0,0,0,0,0,0,0,0,0,0,2,0,0,0,0,3,0
4/15/20,0,2,0,0,0,2,7,0,0,0,0,0,0,0,1,0,0,0,0,0,0,0,0,0,0,0,0,0,0,0,6,0
4/16/20,0,0,0,0,0,4,3,0,0,0,0,0,0,0,3,0,0,0,1,0,0,0,0,0,0,6,0,0,0,0,2,0
4/17/20,0,0,0,0,0,4,7,0,0,0,0,0,0,0,2,0,0,0,0,0,0,0,0,0,0,4,0,0,1,0,6,0
4/18/20,0,0,0,0,0,1,8,0,0,0,0,0,0,0,2,0,0,0,1,0,0,0,1,0,1,0,0,0,0,0,3,0
4/19/20,0,3,0,0,0,5,9,0,0,0,0,0,0,0,4,0,1,0,0,0,0,0,0,0,0,2,0,0,0,0,3,0
4/20/20,0,0,0,0,0,2,15,1,0,1,0,0,0,0,5,0,1,0,0,0,1,0,0,0,1,3,0,0,0,0,2,0
4/21/20,0,3,0,0,0,3,8,0,0,0,0,0,0,0,9,0,0,0,0,0,0,0,0,0,0,0,3,1,0,1,1,0
4/22/20,0,2,0,0,0,3,14,0,0,0,1,0,0,1,10,0,0,0,0,0,1,0,0,0,1,3,2,0,1,0,4,0
4/23/20,0,5,0,0,0,5,11,0,0,1,0,0,0,0,23,0,1,0,0,0,1,0,0,0,0,1,0,0,0,0,2,0
4/24/20,0,1,0,0,0,0,14,0,0,0,0,0,0,0,26,0,0,0,0,0,1,0,0,1,1,0,0,0,0,1,1,0
4/25/20,0,1,0,0,0,7,13,0,0,0,0,1,1,0,4,0,0,0,0,0,1,0,0,1,0,1,0,0,0,0,0,0
4/26/20,0,3,0,0,0,6,6,0,0,2,0,0,0,1,5,0,0,0,0,1,1,0,0,0,2,0,0,0,0,0,0,0
4/27/20,0,7,0,0,0,7,12,0,0,0,0,0,0,0,33,0,0,0,0,1,1,0,1,0,5,4,3,1,0,0,17,0
4/28/20,0,8,0,0,0,10,25,0,0,0,0,0,0,1,33,0,0,0,0,2,1,0,1,0,2,1,1,0,0,0,0,0
4/29/20,0,3,0,0,1,11,21,1,0,0,0,1,0,2,14,1,1,0,3,1,3,1,0,0,2,0,2,0,1,1,0,0
4/30/20,0,4,3,0,0,10,25,0,0,0,0,1,0,2,16,0,2,0,1,0,3,0,0,0,3,6,1,1,0,1,1,0
5/1/20,0,1,0,0,0,9,24,1,0,0,0,3,0,0,12,0,0,0,2,0,1,0,0,0,4,0,0,2,0,0,0,0
5/2/20,0,2,0,0,0,8,30,3,0,0,0,1,0,1,14,0,0,1,1,0,1,0,1,1,0,2,0,0,0,1,1,0
5/3/20,0,3,0,0,0,9,20,4,0,3,1,0,1,0,25,0,0,0,1,1,2,0,0,0,0,0,2,0,1,2,0,0
5/4/20,0,6,2,0,2,16,40,3,0,1,0,3,2,3,60,2,2,2,3,0,2,0,0,0,5,5,4,4,1,3,2,0
5/5/20,1,13,1,0,2,41,56,10,0,0,1,45,2,9,70,1,3,0,27,7,10,0,2,0,9,7,7,5,0,9,1,0
5/6/20,1,23,1,1,2,56,88,2,0,1,1,8,0,6,109,3,0,1,9,2,24,2,2,0,7,7,7,16,2,9,5,0
5/7/20,1,12,1,0,1,34,125,8,0,1,1,14,1,5,101,1,0,1,13,2,14,1,4,0,9,9,4,9,0,11,1,0
5/8/20,0,7,1,0,0,36,153,19,1,3,2,2,2,1,122,1,3,1,8,5,29,2,2,1,16,4,15,11,2,9,1,1
5/9/20,0,8,0,1,0,26,83,8,0,0,1,1,1,3,86,2,1,0,1,3,21,2,2,0,4,11,7,2,3,8,2,0
5/10/20,0,5,1,0,0,28,54,3,0,0,0,0,1,3,37,6,2,0,3,2,7,1,0,1,6,7,7,3,3,5,5,0
5/11/20,0,7,1,2,5,32,98,12,0,1,10,9,6,5,102,5,3,2,11,5,22,0,3,10,16,21,8,15,1,18,4,0
5/12/20,1,12,7,0,3,34,102,27,0,3,5,14,4,11,82,5,3,1,48,5,23,0,1,2,15,30,9,43,3,15,2,0
5/13/20,0,11,11,0,4,41,114,68,0,14,3,26,4,6,66,7,3,0,48,10,19,1,2,1,10,20,6,9,6,28,5,0
5/14/20,0,6,1,4,4,37,167,77,0,10,2,11,2,8,96,4,4,1,20,12,26,1,3,1,7,27,14,35,2,27,5,0
5/15/20,0,19,1,1,6,53,113,127,0,8,14,14,2,11,94,2,5,1,10,16,53,2,3,0,13,33,16,36,7,54,3,2
5/16/20,0,11,0,1,7,29,75,54,0,4,2,6,4,5,60,7,0,1,10,5,20,1,1,0,13,13,15,8,2,22,4,2
5/17/20,0,5,2,1,4,21,65,16,1,1,1,14,1,3,81,4,2,1,11,5,14,1,1,1,7,7,4,2,0,15,1,1
5/18/20,1,21,0,1,12,43,148,151,1,16,19,37,7,9,149,19,3,2,33,43,62,6,5,1,10,43,14,57,4,41,2,2
5/19/20,0,29,2,1,4,37,178,95,1,9,15,28,7,23,136,6,3,0,20,29,29,6,2,5,21,51,20,172,2,21,4,0
5/20/20,2,51,0,5,3,52,209,85,0,15,20,55,7,11,161,13,3,1,45,54,57,3,4,3,22,56,40,85,3,50,4,1
5/21/20,12,60,3,0,8,89,241,93,0,27,8,120,9,20,206,14,5,4,256,47,101,29,5,7,21,72,29,38,11,59,6,2
5/22/20,2,58,7,5,14,75,349,166,0,11,36,140,18,21,550,29,8,3,357,30,99,5,8,11,51,132,22,112,8,69,19,1
5/23/20,1,47,6,1,14,69,227,130,0,7,17,90,2,11,266,11,3,4,158,23,92,5,3,4,39,112,17,155,3,74,12,1
5/24/20,4,68,4,1,26,48,243,56,1,5,23,87,11,22,342,22,8,3,139,20,46,6,2,8,82,98,32,38,3,57,15,1
5/25/20,21,168,33,17,86,117,1051,256,9,50,177,171,62,169,1036,249,46,14,375,96,168,46,46,37,212,260,190,246,23,204,61,9
5/26/20,47,193,47,61,143,76,1432,251,17,59,377,130,91,346,917,215,102,51,464,73,320,74,53,129,215,291,360,253,61,240,99,52
5/27/20,33,22,23,21,32,36,1067,82,7,37,77,46,38,143,718,64,17,19,108,30,198,36,21,22,97,46,259,108,49,86,53,12
